[    -1     0     0     0     ]
[  -0.5  -0.5  -0.5   0.5     ]
[  -0.5  -0.5   0.5  -0.5     ]
[  -0.5   0.5  -0.5  -0.5     ]
[  -0.5   0.5   0.5   0.5     ]
[     0    -1     0     0     ]
[     0     0    -1     0     ]
[     0     0     0    -1     ]
[    -0    -0    -0     1     ]
[    -0    -0     1    -0     ]
[    -0     1    -0    -0     ]
[   0.5  -0.5  -0.5  -0.5     ]
[   0.5  -0.5   0.5   0.5     ]
[   0.5   0.5  -0.5   0.5     ]
[   0.5   0.5   0.5  -0.5     ]
[     1    -0    -0    -0     ]
No. of Lines Read:: 10
No. of Unique Solutions:: 16